v0: -76.151418 mv
u0: -8.588384 mv
